   7 0.8784260-312
   5 0.8784260-312
   1 0.8784260-312
   4 0.8784260-312
   7 0.8784260-312
   1 0.8784260-312
   5 0.8784260-312
   4 0.8784260-312
   7 0.8784260-312
   1 0.8784260-312
   5 0.8784260-312
   4 0.8784260-312
   7 0.8784260-312
   1 0.8784260-312
   5 0.8784260-312
   4 0.8784260-312
   7 0.8784260-312
   1 0.8784260-312
   5 0.8784260-312
   4 0.8784260-312
   7 0.8784260-312
   1 0.8784260-312
   5 0.8784260-312
   4 0.8784260-312
   7 0.8784260-312
   1 0.8784260-312
   5 0.8784260-312
   4 0.8784260-312
   7 0.8784260-312
   1 0.8784260-312
   5 0.8784260-312
   4 0.8784260-312
   7 0.8784260-312
   1 0.8784260-312
   5 0.8784260-312
   4 0.8784260-312
   7 0.8784260-312
   1 0.8784260-312
   5 0.8784260-312
   4 0.8784260-312
   7 0.8784260-312
   1 0.8784260-312
   5 0.8784260-312
   4 0.8784260-312
   7 0.8784260-312
   1 0.8784260-312
   5 0.8784260-312
   4 0.8784260-312
   7 0.8784260-312
   1 0.8784260-312
   5 0.8784260-312
   4 0.8784260-312
   7 0.8784260-312
   1 0.8784260-312
   5 0.8784260-312
   4 0.8784260-312
   7 0.8784260-312
   5 0.8784260-312
   1 0.8784260-312
   4 0.8784260-312
   7 0.8784260-312
   5 0.8784260-312
   1 0.8784260-312
   4 0.8784260-312
   7 0.8784260-312
   5 0.8784260-312
   1 0.8784260-312
   4 0.8784260-312
   7 0.8784260-312
   5 0.8784260-312
   1 0.8784260-312
   4 0.8784260-312
   7 0.8784260-312
   5 0.8784260-312
   1 0.8784260-312
   4 0.8784260-312
   7 0.8784260-312
   5 0.8784260-312
   1 0.8784260-312
   4 0.8784260-312
   7 0.8784260-312
   5 0.8784260-312
   1 0.8784260-312
   4 0.8784260-312
   7 0.8784260-312
   5 0.8784260-312
   1 0.8784260-312
   4 0.8784260-312
   7 0.8784260-312
   5 0.8784260-312
   1 0.8784260-312
   4 0.8784260-312
   7 0.8784260-312
   5 0.8784260-312
   1 0.8784260-312
   4 0.8784260-312
   7 0.8784260-312
   5 0.8784260-312
   1 0.8784260-312
   4 0.8784260-312
   7 0.8784260-312
   5 0.8784260-312
   1 0.8784260-312
   4 0.8784260-312
   7 0.8784260-312
   5 0.8784260-312
   1 0.8784260-312
   4 0.8784260-312
   7 0.8784260-312
   5 0.8784260-312
   1 0.8784260-312
   4 0.8784260-312
   7 0.8784260-312
   5 0.8784260-312
   1 0.8784260-312
   4 0.8784260-312
   7 0.8784260-312
   5 0.8784260-312
   1 0.8784260-312
   4 0.8784260-312
   7 0.8784260-312
   5 0.8784260-312
   1 0.8784260-312
   4 0.8784260-312
   7 0.8784260-312
   5 0.8784260-312
   1 0.8784260-312
   4 0.8784260-312
   7 0.8784260-312
   1 0.8784260-312
   5 0.8784260-312
   4 0.8784260-312
   7 0.8784260-312
   1 0.8784260-312
   5 0.8784260-312
   4 0.8784260-312
   7 0.8784260-312
   1 0.8784260-312
   5 0.8784260-312
   4 0.8784260-312
   7 0.8784260-312
   1 0.8784260-312
   5 0.8784260-312
   4 0.8784260-312
   7 0.8784260-312
   1 0.8784260-312
   5 0.8784260-312
   4 0.8784260-312
   7 0.8784260-312
   1 0.8784260-312
   5 0.8784260-312
   4 0.8784260-312
   7 0.8784260-312
   1 0.8784260-312
   5 0.8784260-312
   4 0.8784260-312
   7 0.8784260-312
   1 0.8784260-312
   5 0.8784260-312
   7 0.8784260-312
   4 0.8784260-312
   1 0.8784260-312
   5 0.8784260-312
   7 0.8784260-312
   4 0.8784260-312
   1 0.8784260-312
   5 0.8784260-312
   7 0.8784260-312
   4 0.8784260-312
   1 0.8784260-312
   5 0.8784260-312
   7 0.8784260-312
   4 0.8784260-312
   1 0.8784260-312
   5 0.8784260-312
   7 0.8784260-312
   1 0.8784260-312
   4 0.8784260-312
   5 0.8784260-312
   7 0.8784260-312
   1 0.8784260-312
   4 0.8784260-312
   5 0.8784260-312
   7 0.8784260-312
   1 0.8784260-312
   4 0.8784260-312
   5 0.8784260-312
   7 0.8784260-312
   1 0.8784260-312
   4 0.8784260-312
   5 0.8784260-312
   7 0.8784260-312
   1 0.8784260-312
   4 0.8784260-312
   5 0.8784260-312
   7 0.8784260-312
   1 0.8784260-312
   4 0.8784260-312
   5 0.8784260-312
   7 0.8784260-312
   1 0.8784260-312
   4 0.8784260-312
   5 0.8784260-312
   7 0.8784260-312
   1 0.8784260-312
   4 0.8784260-312
   5 0.8784260-312
   7 0.8784260-312
   1 0.8784260-312
   4 0.8784260-312
   5 0.8784260-312
   2 0.8937902E+02
   6 0.8895336E+02
   7 0.8784260-312
   1 0.8784260-312
   3 0.8932348E+02
   4 0.8784260-312
   5 0.8784260-312
   2 0.8937902E+02
   6 0.8895336E+02
   7 0.8784260-312
   1 0.8784260-312
   3 0.8932348E+02
   4 0.8784260-312
   5 0.8784260-312
   2 0.8937902E+02
   7 0.8784260-312
   6 0.8895336E+02
   1 0.8784260-312
   3 0.8932348E+02
   4 0.8784260-312
   5 0.8784260-312
   2 0.8937902E+02
   7 0.8784260-312
   6 0.8895336E+02
   1 0.8784260-312
   3 0.8932348E+02
   4 0.8784260-312
   5 0.8784260-312
   2 0.8937902E+02
   7 0.8784260-312
   6 0.8895336E+02
   1 0.8784260-312
   3 0.8932348E+02
   4 0.8784260-312
   5 0.8784260-312
   2 0.8937902E+02
   7 0.8784260-312
   6 0.8895336E+02
   1 0.8784260-312
   3 0.8932348E+02
   4 0.8784260-312
   2 0.8937902E+02
   5 0.8784260-312
   7 0.8784260-312
   6 0.8895336E+02
   1 0.8784260-312
   3 0.8932348E+02
   4 0.8784260-312
   2 0.8937902E+02
   5 0.8784260-312
   7 0.8784260-312
   6 0.8895336E+02
   1 0.8784260-312
   3 0.8932348E+02
   4 0.8784260-312
   2 0.8937902E+02
   5 0.8784260-312
   7 0.8784260-312
   6 0.8895336E+02
   1 0.8784260-312
   3 0.8932348E+02
   4 0.8784260-312
   2 0.8937902E+02
   5 0.8784260-312
   7 0.8784260-312
   6 0.8895336E+02
   1 0.8784260-312
   3 0.8932348E+02
   4 0.8784260-312
   2 0.8937902E+02
   5 0.8784260-312
   7 0.8784260-312
   6 0.8895336E+02
   1 0.8784260-312
   3 0.8932348E+02
   4 0.8784260-312
   2 0.8937902E+02
   5 0.8784260-312
   7 0.8784260-312
   6 0.8895336E+02
   1 0.8784260-312
   3 0.8932348E+02
   4 0.8784260-312
   2 0.8937902E+02
   5 0.8784260-312
   7 0.8784260-312
   6 0.8895336E+02
   1 0.8784260-312
   3 0.8932348E+02
   4 0.8784260-312
   2 0.8937902E+02
   5 0.8784260-312
   7 0.8784260-312
   6 0.8895336E+02
   1 0.8784260-312
   3 0.8932348E+02
   4 0.8784260-312
   2 0.8937902E+02
   6 0.8895336E+02
   7 0.8784260-312
   5 0.8784260-312
   1 0.8784260-312
   3 0.8932348E+02
   4 0.8784260-312
   2 0.8937902E+02
   6 0.8895336E+02
   7 0.8784260-312
   1 0.8784260-312
   5 0.8784260-312
   3 0.8932348E+02
   4 0.8784260-312
   2 0.8937902E+02
   6 0.8895336E+02
   7 0.8784260-312
   1 0.8784260-312
   5 0.8784260-312
   3 0.8932348E+02
   2 0.8937902E+02
   4 0.8784260-312
   6 0.8895336E+02
   7 0.8784260-312
   1 0.8784260-312
   5 0.8784260-312
   3 0.8932348E+02
   2 0.8937902E+02
   4 0.8784260-312
   6 0.8895336E+02
   7 0.8784260-312
   1 0.8784260-312
   5 0.8784260-312
   3 0.8932348E+02
   2 0.8937902E+02
   4 0.8784260-312
   6 0.8895336E+02
   7 0.8784260-312
   1 0.8784260-312
   5 0.8784260-312
   3 0.8932348E+02
   2 0.8937902E+02
   4 0.8784260-312
   6 0.8895336E+02
   7 0.8784260-312
   1 0.8784260-312
   5 0.8784260-312
   3 0.8932348E+02
   2 0.8937902E+02
   4 0.8784260-312
   7 0.8784260-312
   6 0.8895336E+02
   1 0.8784260-312
   5 0.8784260-312
   3 0.8932348E+02
   2 0.8937902E+02
   4 0.8784260-312
   7 0.8784260-312
   6 0.8895336E+02
   1 0.8784260-312
   5 0.8784260-312
   3 0.8932348E+02
   2 0.8937902E+02
   4 0.8784260-312
   7 0.8784260-312
   1 0.8784260-312
   6 0.8895336E+02
   5 0.8784260-312
   3 0.8932348E+02
   2 0.8937902E+02
   4 0.8784260-312
   7 0.8784260-312
   1 0.8784260-312
   6 0.8895336E+02
   5 0.8784260-312
   3 0.8932348E+02
   2 0.8937902E+02
   7 0.8784260-312
   1 0.8784260-312
   4 0.8784260-312
   6 0.8895336E+02
   5 0.8784260-312
   3 0.8932348E+02
   2 0.8937902E+02
   7 0.8784260-312
   1 0.8784260-312
   6 0.8895336E+02
   4 0.8784260-312
   5 0.8784260-312
   3 0.8932348E+02
   2 0.8937902E+02
   1 0.8784260-312
   7 0.8784260-312
   6 0.8895336E+02
   4 0.8784260-312
   3 0.8932348E+02
   5 0.8784260-312
   2 0.8937902E+02
   1 0.8784260-312
   7 0.8784260-312
   6 0.8895336E+02
   4 0.8784260-312
   3 0.8932348E+02
   5 0.8784260-312
   2 0.8937902E+02
   1 0.8784260-312
   7 0.8784260-312
   6 0.8895336E+02
   4 0.8784260-312
   3 0.8932348E+02
   5 0.8784260-312
   2 0.8937902E+02
   1 0.8784260-312
   7 0.8784260-312
   6 0.8895336E+02
   4 0.8784260-312
   3 0.8932348E+02
   5 0.8784260-312
   2 0.8937902E+02
   1 0.8784260-312
   7 0.8784260-312
   6 0.8895336E+02
   4 0.8784260-312
   3 0.8932348E+02
   5 0.8784260-312
   2 0.8937902E+02
   1 0.8784260-312
   7 0.8784260-312
   6 0.8895336E+02
   4 0.8784260-312
   3 0.8932348E+02
   5 0.8784260-312
   2 0.8937902E+02
   1 0.8784260-312
   7 0.8784260-312
   6 0.8895336E+02
   4 0.8784260-312
   3 0.8932348E+02
   5 0.8784260-312
   2 0.8937902E+02
   1 0.8784260-312
   7 0.8784260-312
   6 0.8895336E+02
   4 0.8784260-312
   3 0.8932348E+02
   5 0.8784260-312
   2 0.8937902E+02
   1 0.8784260-312
   7 0.8784260-312
   6 0.8895336E+02
   4 0.8784260-312
   3 0.8932348E+02
   5 0.8784260-312
   2 0.8937902E+02
   1 0.8784260-312
   7 0.8784260-312
   6 0.8895336E+02
   4 0.8784260-312
   3 0.8932348E+02
   5 0.8784260-312
   2 0.8937902E+02
   1 0.8784260-312
   7 0.8784260-312
   6 0.8895336E+02
   3 0.8932348E+02
   4 0.8784260-312
   2 0.8937902E+02
   5 0.8784260-312
   1 0.8784260-312
   7 0.8784260-312
   6 0.8895336E+02
   3 0.8932348E+02
   4 0.8784260-312
   2 0.8937902E+02
   1 0.8784260-312
   5 0.8784260-312
   7 0.8784260-312
   6 0.8895336E+02
   3 0.8932348E+02
   4 0.8784260-312
   2 0.8937902E+02
   1 0.8784260-312
   5 0.8784260-312
   7 0.8784260-312
   6 0.8895336E+02
   3 0.8932348E+02
   4 0.8784260-312
   2 0.8937902E+02
   1 0.8784260-312
   5 0.8784260-312
   7 0.8784260-312
   6 0.8895336E+02
   3 0.8932348E+02
   4 0.8784260-312
   2 0.8937902E+02
   1 0.8784260-312
   7 0.8784260-312
   5 0.8784260-312
   6 0.8895336E+02
   3 0.8932348E+02
   4 0.8784260-312
   2 0.8937902E+02
   1 0.8784260-312
   7 0.8784260-312
   5 0.8784260-312
   6 0.8895336E+02
   3 0.8932348E+02
   4 0.8784260-312
   2 0.8937902E+02
   1 0.8784260-312
   7 0.8784260-312
   5 0.8784260-312
   6 0.8895336E+02
   3 0.8932348E+02
   4 0.8784260-312
   2 0.8937902E+02
   1 0.8784260-312
   7 0.8784260-312
   6 0.8895336E+02
   5 0.8784260-312
   3 0.8932348E+02
   2 0.8937902E+02
   4 0.8784260-312
   1 0.8784260-312
   7 0.8784260-312
   6 0.8895336E+02
   5 0.8784260-312
   3 0.8932348E+02
   2 0.8937902E+02
   4 0.8784260-312
   1 0.8784260-312
   7 0.8784260-312
   6 0.8895336E+02
   5 0.8784260-312
   3 0.8932348E+02
   2 0.8937902E+02
   4 0.8784260-312
   1 0.8784260-312
   7 0.8784260-312
   6 0.8895336E+02
   5 0.8784260-312
   3 0.8932348E+02
   2 0.8937902E+02
   4 0.8784260-312
   1 0.8784260-312
   7 0.8784260-312
   6 0.8895336E+02
   5 0.8784260-312
   3 0.8932348E+02
   2 0.8937902E+02
   4 0.8784260-312
   1 0.8784260-312
   7 0.8784260-312
   6 0.8895336E+02
   5 0.8784260-312
   3 0.8932348E+02
   2 0.8937902E+02
   1 0.8784260-312
   4 0.8784260-312
   7 0.8784260-312
   6 0.8895336E+02
   5 0.8784260-312
   3 0.8932348E+02
   2 0.8937902E+02
   1 0.8784260-312
   4 0.8784260-312
   7 0.8784260-312
   6 0.8895336E+02
   5 0.8784260-312
   3 0.8932348E+02
   2 0.8937902E+02
   1 0.8784260-312
   4 0.8784260-312
   7 0.8784260-312
   6 0.8895336E+02
   5 0.8784260-312
   3 0.8932348E+02
   2 0.8937902E+02
   1 0.8784260-312
   4 0.8784260-312
   7 0.8784260-312
   6 0.8895336E+02
   5 0.8784260-312
   3 0.8932348E+02
   2 0.8937902E+02
   1 0.8784260-312
   4 0.8784260-312
   7 0.8784260-312
   6 0.8895336E+02
   5 0.8784260-312
   3 0.8932348E+02
   2 0.8937902E+02
   1 0.8784260-312
   7 0.8784260-312
   4 0.8784260-312
   6 0.8895336E+02
   5 0.8784260-312
   3 0.8932348E+02
   2 0.8937902E+02
   1 0.8784260-312
   7 0.8784260-312
   4 0.8784260-312
   6 0.8895336E+02
   5 0.8784260-312
   3 0.8932348E+02
   2 0.8937902E+02
   1 0.8784260-312
   7 0.8784260-312
   4 0.8784260-312
   6 0.8895336E+02
   5 0.8784260-312
   3 0.8932348E+02
   2 0.8937902E+02
   1 0.8784260-312
   7 0.8784260-312
   6 0.8895336E+02
   4 0.8784260-312
   5 0.8784260-312
   3 0.8932348E+02
   2 0.8937902E+02
   1 0.8784260-312
   7 0.8784260-312
   6 0.8895336E+02
   4 0.8784260-312
   3 0.8932348E+02
   5 0.8784260-312
   2 0.8937902E+02
   1 0.8784260-312
   7 0.8784260-312
   6 0.8895336E+02
   4 0.8784260-312
   3 0.8932348E+02
   5 0.8784260-312
   2 0.8937902E+02
   1 0.8784260-312
   7 0.8784260-312
   6 0.8895336E+02
   4 0.8784260-312
   3 0.8932348E+02
   5 0.8784260-312
   2 0.8937902E+02
   1 0.8784260-312
   7 0.8784260-312
   6 0.8895336E+02
   4 0.8784260-312
   3 0.8932348E+02
   5 0.8784260-312
   2 0.8937902E+02
   1 0.8784260-312
   7 0.8784260-312
   6 0.8895336E+02
   4 0.8784260-312
   3 0.8932348E+02
   2 0.8937902E+02
   5 0.8784260-312
   1 0.8784260-312
   7 0.8784260-312
   6 0.8895336E+02
   4 0.8784260-312
   3 0.8932348E+02
   2 0.8937902E+02
   5 0.8784260-312
   1 0.8784260-312
   7 0.8784260-312
   6 0.8895336E+02
   4 0.8784260-312
   3 0.8932348E+02
   2 0.8937902E+02
   5 0.8784260-312
   1 0.8784260-312
   7 0.8784260-312
   6 0.8895336E+02
   4 0.8784260-312
   3 0.8932348E+02
   2 0.8937902E+02
   5 0.8784260-312
   1 0.8784260-312
   7 0.8784260-312
   6 0.8895336E+02
   4 0.8784260-312
   3 0.8932348E+02
   2 0.8937902E+02
   1 0.8784260-312
   5 0.8784260-312
   7 0.8784260-312
   6 0.8895336E+02
   4 0.8784260-312
   3 0.8932348E+02
   2 0.8937902E+02
   1 0.8784260-312
   5 0.8784260-312
   7 0.8784260-312
   6 0.8895336E+02
   4 0.8784260-312
   3 0.8932348E+02
   2 0.8937902E+02
   1 0.8784260-312
   5 0.8784260-312
   7 0.8784260-312
   6 0.8895336E+02
   4 0.8784260-312
   3 0.8932348E+02
   2 0.8937902E+02
   1 0.8784260-312
   5 0.8784260-312
   7 0.8784260-312
   6 0.8895336E+02
   3 0.8932348E+02
   4 0.8784260-312
   2 0.8937902E+02
   1 0.8784260-312
   5 0.8784260-312
   7 0.8784260-312
   6 0.8895336E+02
   3 0.8932348E+02
   2 0.8937902E+02
   4 0.8784260-312
   1 0.8784260-312
   5 0.8784260-312
   7 0.8784260-312
   6 0.8895336E+02
   3 0.8932348E+02
   2 0.8937902E+02
   4 0.8784260-312
   1 0.8784260-312
   5 0.8784260-312
   7 0.8784260-312
   6 0.8895336E+02
   3 0.8932348E+02
   2 0.8937902E+02
   4 0.8784260-312
   1 0.8784260-312
   7 0.8784260-312
   5 0.8784260-312
   6 0.8895336E+02
   3 0.8932348E+02
   2 0.8937902E+02
   1 0.8784260-312
   4 0.8784260-312
   7 0.8784260-312
   5 0.8784260-312
   6 0.8895336E+02
   3 0.8932348E+02
   2 0.8937902E+02
   1 0.8784260-312
   4 0.8784260-312
   7 0.8784260-312
   5 0.8784260-312
   6 0.8895336E+02
   3 0.8932348E+02
   2 0.8937902E+02
   1 0.8784260-312
   4 0.8784260-312
   7 0.8784260-312
   5 0.8784260-312
   6 0.8895336E+02
   3 0.8932348E+02
   2 0.8937902E+02
   1 0.8784260-312
   4 0.8784260-312
   7 0.8784260-312
   6 0.8895336E+02
   5 0.8784260-312
   3 0.8932348E+02
   2 0.8937902E+02
   1 0.8784260-312
   4 0.8784260-312
   7 0.8784260-312
   6 0.8895336E+02
   5 0.8784260-312
   3 0.8932348E+02
   2 0.8937902E+02
   1 0.8784260-312
   4 0.8784260-312
   7 0.8784260-312
   6 0.8895336E+02
   5 0.8784260-312
   2 0.8937902E+02
   3 0.8932348E+02
   1 0.8784260-312
   4 0.8784260-312
   7 0.8784260-312
   6 0.8895336E+02
   5 0.8784260-312
   2 0.8937902E+02
   3 0.8932348E+02
   1 0.8784260-312
   7 0.8784260-312
   4 0.8784260-312
   6 0.8895336E+02
   5 0.8784260-312
   2 0.8937902E+02
   3 0.8932348E+02
   1 0.8784260-312
   7 0.8784260-312
   4 0.8784260-312
   6 0.8895336E+02
   5 0.8784260-312
   2 0.8937902E+02
   3 0.8932348E+02
   1 0.8784260-312
   7 0.8784260-312
   6 0.8895336E+02
   4 0.8784260-312
   5 0.8784260-312
   2 0.8937902E+02
   3 0.8932348E+02
   1 0.8784260-312
   7 0.8784260-312
   6 0.8895336E+02
   4 0.8784260-312
   5 0.8784260-312
   2 0.8937902E+02
   3 0.8932348E+02
   1 0.8784260-312
   7 0.8784260-312
   6 0.8895336E+02
   4 0.8784260-312
   5 0.8784260-312
   2 0.8937902E+02
   3 0.8932348E+02
   1 0.8784260-312
   7 0.8784260-312
   6 0.8895336E+02
   4 0.8784260-312
   5 0.8784260-312
   2 0.8937902E+02
   3 0.8932348E+02
   1 0.8784260-312
   7 0.8784260-312
   6 0.8895336E+02
   4 0.8784260-312
   5 0.8784260-312
   2 0.8937902E+02
   3 0.8932348E+02
   1 0.8784260-312
   7 0.8784260-312
   6 0.8895336E+02
   4 0.8784260-312
   5 0.8784260-312
   2 0.8937902E+02
   3 0.8932348E+02
   1 0.8784260-312
   7 0.8784260-312
   6 0.8895336E+02
   4 0.8784260-312
   5 0.8784260-312
   2 0.8937902E+02
   3 0.8932348E+02
   1 0.8784260-312
   7 0.8784260-312
   6 0.8895336E+02
   4 0.8784260-312
   5 0.8784260-312
   2 0.8937902E+02
   3 0.8932348E+02
   1 0.8784260-312
   7 0.8784260-312
   6 0.8895336E+02
   4 0.8784260-312
   5 0.8784260-312
   2 0.8937902E+02
   3 0.8932348E+02
   1 0.8784260-312
   7 0.8784260-312
   6 0.8895336E+02
   4 0.8784260-312
   5 0.8784260-312
   2 0.8937902E+02
   3 0.8932348E+02
   1 0.8784260-312
   7 0.8784260-312
   6 0.8895336E+02
   4 0.8784260-312
   5 0.8784260-312
   2 0.8937902E+02
   3 0.8932348E+02
   1 0.8784260-312
   7 0.8784260-312
   6 0.8895336E+02
   4 0.8784260-312
   5 0.8784260-312
   2 0.8937902E+02
   3 0.8932348E+02
   1 0.8784260-312
   7 0.8784260-312
   6 0.8895336E+02
   4 0.8784260-312
   5 0.8784260-312
   2 0.8937902E+02
   3 0.8932348E+02
   7 0.8784260-312
   1 0.8784260-312
   6 0.8895336E+02
   4 0.8784260-312
   2 0.8937902E+02
   5 0.8784260-312
   3 0.8932348E+02
   7 0.8784260-312
   1 0.8784260-312
   6 0.8895336E+02
   4 0.8784260-312
   2 0.8937902E+02
   5 0.8784260-312
   3 0.8932348E+02
   7 0.8784260-312
   1 0.8784260-312
   6 0.8895336E+02
   4 0.8784260-312
   2 0.8937902E+02
   5 0.8784260-312
   3 0.8932348E+02
   7 0.8784260-312
   1 0.8784260-312
   6 0.8895336E+02
   4 0.8784260-312
   2 0.8937902E+02
   5 0.8784260-312
   3 0.8932348E+02
   7 0.8784260-312
   1 0.8784260-312
   6 0.8895336E+02
   4 0.8784260-312
   2 0.8937902E+02
   3 0.8932348E+02
   5 0.8784260-312
   7 0.8784260-312
   1 0.8784260-312
   6 0.8895336E+02
   4 0.8784260-312
   2 0.8937902E+02
   3 0.8932348E+02
   5 0.8784260-312
   7 0.8784260-312
   1 0.8784260-312
   6 0.8895336E+02
   2 0.8937902E+02
   4 0.8784260-312
   3 0.8932348E+02
   5 0.8784260-312
   7 0.8784260-312
   1 0.8784260-312
   6 0.8895336E+02
   2 0.8937902E+02
   4 0.8784260-312
   3 0.8932348E+02
   7 0.8784260-312
   5 0.8784260-312
   1 0.8784260-312
   6 0.8895336E+02
   2 0.8937902E+02
   4 0.8784260-312
   3 0.8932348E+02
   7 0.8784260-312
   5 0.8784260-312
   1 0.8784260-312
   6 0.8895336E+02
   2 0.8937902E+02
   4 0.8784260-312
   3 0.8932348E+02
   7 0.8784260-312
   5 0.8784260-312
   1 0.8784260-312
   6 0.8895336E+02
   2 0.8937902E+02
   4 0.8784260-312
   3 0.8932348E+02
   7 0.8784260-312
   5 0.8784260-312
   1 0.8784260-312
   6 0.8895336E+02
   2 0.8937902E+02
   3 0.8932348E+02
   4 0.8784260-312
   7 0.8784260-312
   5 0.8784260-312
   1 0.8784260-312
   6 0.8895336E+02
   2 0.8937902E+02
   7 0.8784260-312
   3 0.8932348E+02
   4 0.8784260-312
   1 0.8784260-312
   5 0.8784260-312
   6 0.8895336E+02
   2 0.8937902E+02
   7 0.8784260-312
   3 0.8932348E+02
   4 0.8784260-312
   1 0.8784260-312
   5 0.8784260-312
   6 0.8895336E+02
   2 0.8937902E+02
   7 0.8784260-312
   3 0.8932348E+02
   4 0.8784260-312
   1 0.8784260-312
   5 0.8784260-312
   6 0.8895336E+02
   2 0.8937902E+02
   7 0.8784260-312
   3 0.8932348E+02
   4 0.8784260-312
   1 0.8784260-312
   6 0.8895336E+02
   5 0.8784260-312
   2 0.8937902E+02
   7 0.8784260-312
   3 0.8932348E+02
   4 0.8784260-312
   1 0.8784260-312
   6 0.8895336E+02
   5 0.8784260-312
   2 0.8937902E+02
   7 0.8784260-312
   3 0.8932348E+02
   4 0.8784260-312
   1 0.8784260-312
   6 0.8895336E+02
   5 0.8784260-312
   2 0.8937902E+02
   7 0.8784260-312
   3 0.8932348E+02
   4 0.8784260-312
   1 0.8784260-312
   6 0.8895336E+02
   5 0.8784260-312
   2 0.8937902E+02
   7 0.8784260-312
   3 0.8932348E+02
   4 0.8784260-312
   6 0.8895336E+02
   1 0.8784260-312
   5 0.8784260-312
   2 0.8937902E+02
   7 0.8784260-312
   3 0.8932348E+02
   6 0.8895336E+02
   4 0.8784260-312
   1 0.8784260-312
   5 0.8784260-312
   2 0.8937902E+02
   7 0.8784260-312
   3 0.8932348E+02
   6 0.8895336E+02
   1 0.8784260-312
   4 0.8784260-312
   5 0.8784260-312
   2 0.8937902E+02
   7 0.8784260-312
   3 0.8932348E+02
   6 0.8895336E+02
   1 0.8784260-312
   4 0.8784260-312
   5 0.8784260-312
   2 0.8937902E+02
   7 0.8784260-312
   3 0.8932348E+02
   6 0.8895336E+02
   1 0.8784260-312
   4 0.8784260-312
   5 0.8784260-312
   2 0.8937902E+02
   7 0.8784260-312
   3 0.8932348E+02
   6 0.8895336E+02
   4 0.8784260-312
   5 0.8784260-312
   1 0.8784260-312
   2 0.8937902E+02
   7 0.8784260-312
   3 0.8932348E+02
   6 0.8895336E+02
   4 0.8784260-312
   5 0.8784260-312
   2 0.8937902E+02
   1 0.8784260-312
   7 0.8784260-312
   3 0.8932348E+02
   6 0.8895336E+02
   4 0.8784260-312
   5 0.8784260-312
   2 0.8937902E+02
   1 0.8784260-312
   7 0.8784260-312
   3 0.8932348E+02
   6 0.8895336E+02
   4 0.8784260-312
   5 0.8784260-312
   2 0.8937902E+02
   1 0.8784260-312
   7 0.8784260-312
   3 0.8932348E+02
   6 0.8895336E+02
   4 0.8784260-312
   5 0.8784260-312
   2 0.8937902E+02
   1 0.8784260-312
   7 0.8784260-312
   3 0.8932348E+02
   6 0.8895336E+02
   4 0.8784260-312
   5 0.8784260-312
   2 0.8937902E+02
   1 0.8784260-312
   7 0.8784260-312
   3 0.8932348E+02
   6 0.8895336E+02
   4 0.8784260-312
   5 0.8784260-312
   2 0.8937902E+02
   1 0.8784260-312
   7 0.8784260-312
   3 0.8932348E+02
   6 0.8895336E+02
   4 0.8784260-312
   5 0.8784260-312
   2 0.8937902E+02
   1 0.8784260-312
   7 0.8784260-312
   3 0.8932348E+02
   6 0.8895336E+02
   4 0.8784260-312
   5 0.8784260-312
   2 0.8937902E+02
   1 0.8784260-312
   7 0.8784260-312
   3 0.8932348E+02
   6 0.8895336E+02
   4 0.8784260-312
   5 0.8784260-312
   2 0.8937902E+02
   1 0.8784260-312
   7 0.8784260-312
   3 0.8932348E+02
   6 0.8895336E+02
   4 0.8784260-312
   5 0.8784260-312
   2 0.8937902E+02
   1 0.8784260-312
   7 0.8784260-312
   3 0.8932348E+02
   6 0.8895336E+02
   4 0.8784260-312
   2 0.8937902E+02
   5 0.8784260-312
   1 0.8784260-312
   7 0.8784260-312
   3 0.8932348E+02
   6 0.8895336E+02
   4 0.8784260-312
   2 0.8937902E+02
   5 0.8784260-312
   1 0.8784260-312
   7 0.8784260-312
   3 0.8932348E+02
   6 0.8895336E+02
   4 0.8784260-312
   2 0.8937902E+02
   5 0.8784260-312
   1 0.8784260-312
   7 0.8784260-312
   3 0.8932348E+02
   6 0.8895336E+02
   4 0.8784260-312
   2 0.8937902E+02
   5 0.8784260-312
   1 0.8784260-312
   7 0.8784260-312
   6 0.8895336E+02
   3 0.8932348E+02
   2 0.8937902E+02
   4 0.8784260-312
   5 0.8784260-312
   1 0.8784260-312
   7 0.8784260-312
   6 0.8895336E+02
   3 0.8932348E+02
   2 0.8937902E+02
   4 0.8784260-312
   5 0.8784260-312
   7 0.8784260-312
   1 0.8784260-312
   6 0.8895336E+02
   3 0.8932348E+02
   2 0.8937902E+02
   4 0.8784260-312
   5 0.8784260-312
   7 0.8784260-312
   1 0.8784260-312
   6 0.8895336E+02
   3 0.8932348E+02
   2 0.8937902E+02
   4 0.8784260-312
   5 0.8784260-312
   7 0.8784260-312
   1 0.8784260-312
   6 0.8895336E+02
   3 0.8932348E+02
   2 0.8937902E+02
   4 0.8784260-312
   5 0.8784260-312
   7 0.8784260-312
   1 0.8784260-312
   6 0.8895336E+02
   3 0.8932348E+02
   2 0.8937902E+02
   4 0.8784260-312
   5 0.8784260-312
   7 0.8784260-312
   1 0.8784260-312
   6 0.8895336E+02
   3 0.8932348E+02
   2 0.8937902E+02
   4 0.8784260-312
   5 0.8784260-312
   7 0.8784260-312
   1 0.8784260-312
   6 0.8895336E+02
   3 0.8932348E+02
   2 0.8937902E+02
   4 0.8784260-312
   7 0.8784260-312
   5 0.8784260-312
   1 0.8784260-312
   6 0.8895336E+02
   3 0.8932348E+02
   2 0.8937902E+02
   4 0.8784260-312
   7 0.8784260-312
   5 0.8784260-312
   1 0.8784260-312
   6 0.8895336E+02
   3 0.8932348E+02
   2 0.8937902E+02
   4 0.8784260-312
   7 0.8784260-312
   5 0.8784260-312
   1 0.8784260-312
   6 0.8895336E+02
   3 0.8932348E+02
   2 0.8937902E+02
   4 0.8784260-312
   7 0.8784260-312
   5 0.8784260-312
   1 0.8784260-312
   6 0.8895336E+02
   3 0.8932348E+02
   2 0.8937902E+02
   7 0.8784260-312
   4 0.8784260-312
   5 0.8784260-312
   1 0.8784260-312
   6 0.8895336E+02
   3 0.8932348E+02
   2 0.8937902E+02
   7 0.8784260-312
   4 0.8784260-312
   5 0.8784260-312
   1 0.8784260-312
   6 0.8895336E+02
   3 0.8932348E+02
   2 0.8937902E+02
   7 0.8784260-312
   4 0.8784260-312
   5 0.8784260-312
   1 0.8784260-312
   6 0.8895336E+02
   3 0.8932348E+02
   2 0.8937902E+02
   7 0.8784260-312
   4 0.8784260-312
   1 0.8784260-312
   5 0.8784260-312
   6 0.8895336E+02
   3 0.8932348E+02
   2 0.8937902E+02
   7 0.8784260-312
   4 0.8784260-312
   1 0.8784260-312
   5 0.8784260-312
   6 0.8895336E+02
   3 0.8932348E+02
   2 0.8937902E+02
   7 0.8784260-312
   1 0.8784260-312
   4 0.8784260-312
   5 0.8784260-312
   6 0.8895336E+02
   3 0.8932348E+02
   2 0.8937902E+02
   7 0.8784260-312
   1 0.8784260-312
   4 0.8784260-312
   5 0.8784260-312
   6 0.8895336E+02
   3 0.8932348E+02
   2 0.8937902E+02
   7 0.8784260-312
   1 0.8784260-312
   4 0.8784260-312
   6 0.8895336E+02
   5 0.8784260-312
   3 0.8932348E+02
   2 0.8937902E+02
   7 0.8784260-312
   1 0.8784260-312
   4 0.8784260-312
   6 0.8895336E+02
   5 0.8784260-312
   3 0.8932348E+02
   2 0.8937902E+02
   7 0.8784260-312
   1 0.8784260-312
   6 0.8895336E+02
   4 0.8784260-312
   5 0.8784260-312
   3 0.8932348E+02
   2 0.8937902E+02
   7 0.8784260-312
   1 0.8784260-312
   6 0.8895336E+02
   4 0.8784260-312
   5 0.8784260-312
   3 0.8932348E+02
   2 0.8937902E+02
   7 0.8784260-312
   1 0.8784260-312
   6 0.8895336E+02
   4 0.8784260-312
   5 0.8784260-312
   3 0.8932348E+02
   2 0.8937902E+02
   7 0.8784260-312
   1 0.8784260-312
   6 0.8895336E+02
   4 0.8784260-312
   5 0.8784260-312
   3 0.8932348E+02
   2 0.8937902E+02
   7 0.8784260-312
   1 0.8784260-312
   6 0.8895336E+02
   4 0.8784260-312
   5 0.8784260-312
   3 0.8932348E+02
   2 0.8937902E+02
   7 0.8784260-312
   6 0.8895336E+02
   1 0.8784260-312
   4 0.8784260-312
   5 0.8784260-312
   3 0.8932348E+02
   2 0.8937902E+02
   7 0.8784260-312
   6 0.8895336E+02
   1 0.8784260-312
   4 0.8784260-312
   5 0.8784260-312
   3 0.8932348E+02
   2 0.8937902E+02
   7 0.8784260-312
   6 0.8895336E+02
   1 0.8784260-312
   4 0.8784260-312
   5 0.8784260-312
   3 0.8932348E+02
   2 0.8937902E+02
   7 0.8784260-312
   6 0.8895336E+02
   1 0.8784260-312
   4 0.8784260-312
   5 0.8784260-312
   3 0.8932348E+02
   2 0.8937902E+02
   7 0.8784260-312
   6 0.8895336E+02
   1 0.8784260-312
   4 0.8784260-312
   5 0.8784260-312
   2 0.8937902E+02
   3 0.8932348E+02
   7 0.8784260-312
   6 0.8895336E+02
   1 0.8784260-312
   4 0.8784260-312
   5 0.8784260-312
   2 0.8937902E+02
   3 0.8932348E+02
   7 0.8784260-312
   6 0.8895336E+02
   1 0.8784260-312
   4 0.8784260-312
   5 0.8784260-312
   2 0.8937902E+02
   3 0.8932348E+02
   7 0.8784260-312
   6 0.8895336E+02
   1 0.8784260-312
   4 0.8784260-312
   2 0.8937902E+02
   5 0.8784260-312
   3 0.8932348E+02
   7 0.8784260-312
   6 0.8895336E+02
   1 0.8784260-312
   2 0.8937902E+02
   4 0.8784260-312
   3 0.8932348E+02
   5 0.8784260-312
   7 0.8784260-312
   6 0.8895336E+02
   1 0.8784260-312
   2 0.8937902E+02
   4 0.8784260-312
   3 0.8932348E+02
   5 0.8784260-312
   7 0.8784260-312
   6 0.8895336E+02
   1 0.8784260-312
   2 0.8937902E+02
   4 0.8784260-312
   3 0.8932348E+02
   5 0.8784260-312
   7 0.8784260-312
   6 0.8895336E+02
   1 0.8784260-312
   2 0.8937902E+02
   3 0.8932348E+02
   4 0.8784260-312
   5 0.8784260-312
   7 0.8784260-312
   6 0.8895336E+02
   1 0.8784260-312
   2 0.8937902E+02
   3 0.8932348E+02
   4 0.8784260-312
   5 0.8784260-312
   7 0.8784260-312
   6 0.8895336E+02
   1 0.8784260-312
   2 0.8937902E+02
   3 0.8932348E+02
   4 0.8784260-312
   5 0.8784260-312
   7 0.8784260-312
   6 0.8895336E+02
   1 0.8784260-312
   2 0.8937902E+02
   3 0.8932348E+02
   4 0.8784260-312
   5 0.8784260-312
   7 0.8784260-312
   6 0.8895336E+02
   1 0.8784260-312
   2 0.8937902E+02
   3 0.8932348E+02
   4 0.8784260-312
   5 0.8784260-312
   7 0.8784260-312
   6 0.8895336E+02
   1 0.8784260-312
   2 0.8937902E+02
   3 0.8932348E+02
   4 0.8784260-312
   5 0.8784260-312
   7 0.8784260-312
   6 0.8895336E+02
   1 0.8784260-312
   2 0.8937902E+02
   3 0.8932348E+02
   4 0.8784260-312
   5 0.8784260-312
   7 0.8784260-312
   6 0.8895336E+02
   1 0.8784260-312
   2 0.8937902E+02
   3 0.8932348E+02
   4 0.8784260-312
   5 0.8784260-312
   7 0.8784260-312
   6 0.8895336E+02
   1 0.8784260-312
   2 0.8937902E+02
   3 0.8932348E+02
   4 0.8784260-312
   5 0.8784260-312
   7 0.8784260-312
   6 0.8895336E+02
   1 0.8784260-312
   2 0.8937902E+02
   3 0.8932348E+02
   4 0.8784260-312
   5 0.8784260-312
   6 0.8895336E+02
   7 0.8784260-312
   1 0.8784260-312
   2 0.8937902E+02
   3 0.8932348E+02
   4 0.8784260-312
   5 0.8784260-312
   6 0.8895336E+02
   7 0.8784260-312
   1 0.8784260-312
   2 0.8937902E+02
   3 0.8932348E+02
   4 0.8784260-312
   5 0.8784260-312
   6 0.8895336E+02
   7 0.8784260-312
   1 0.8784260-312
   2 0.8937902E+02
   3 0.8932348E+02
   4 0.8784260-312
   5 0.8784260-312
   6 0.8895336E+02
   7 0.8784260-312
   1 0.8784260-312
   2 0.8937902E+02
   3 0.8932348E+02
   4 0.8784260-312
   5 0.8784260-312
   6 0.8895336E+02
   7 0.8784260-312
   1 0.8784260-312
   2 0.8937902E+02
   3 0.8932348E+02
   4 0.8784260-312
   5 0.8784260-312
   6 0.8895336E+02
   7 0.8784260-312
   1 0.8784260-312
   2 0.8937902E+02
   3 0.8932348E+02
   4 0.8784260-312
   5 0.8784260-312
   6 0.8895336E+02
   7 0.8784260-312
   1 0.8784260-312
   2 0.8937902E+02
   3 0.8932348E+02
   4 0.8784260-312
   6 0.8895336E+02
   5 0.8784260-312
   7 0.8784260-312
   1 0.8784260-312
   2 0.8937902E+02
   3 0.8932348E+02
   6 0.8895336E+02
   4 0.8784260-312
   5 0.8784260-312
   7 0.8784260-312
   1 0.8784260-312
   2 0.8937902E+02
   3 0.8932348E+02
   6 0.8895336E+02
   4 0.8784260-312
   5 0.8784260-312
   7 0.8784260-312
   1 0.8784260-312
   2 0.8937902E+02
   3 0.8932348E+02
   6 0.8895336E+02
   7 0.8784260-312
   5 0.8784260-312
   4 0.8784260-312
   1 0.8784260-312
   2 0.8937902E+02
   3 0.8932348E+02
   6 0.8895336E+02
   7 0.8784260-312
   5 0.8784260-312
   4 0.8784260-312
   1 0.8784260-312
   2 0.8937902E+02
   3 0.8932348E+02
   6 0.8895336E+02
   7 0.8784260-312
   5 0.8784260-312
   4 0.8784260-312
   1 0.8784260-312
   2 0.8937902E+02
   3 0.8932348E+02
   6 0.8895336E+02
   7 0.8784260-312
   5 0.8784260-312
   4 0.8784260-312
   1 0.8784260-312
   2 0.8937902E+02
   3 0.8932348E+02
   6 0.8895336E+02
   7 0.8784260-312
   5 0.8784260-312
   4 0.8784260-312
   1 0.8784260-312
   2 0.8937902E+02
   3 0.8932348E+02
   6 0.8895336E+02
   7 0.8784260-312
   5 0.8784260-312
   1 0.8784260-312
   4 0.8784260-312
   2 0.8937902E+02
   3 0.8932348E+02
   6 0.8895336E+02
   7 0.8784260-312
   1 0.8784260-312
   5 0.8784260-312
   4 0.8784260-312
   2 0.8937902E+02
   3 0.8932348E+02
   6 0.8895336E+02
   7 0.8784260-312
   1 0.8784260-312
   5 0.8784260-312
   4 0.8784260-312
   2 0.8937902E+02
   3 0.8932348E+02
   6 0.8895336E+02
   7 0.8784260-312
   1 0.8784260-312
   5 0.8784260-312
   2 0.8937902E+02
   4 0.8784260-312
   3 0.8932348E+02
   6 0.8895336E+02
   7 0.8784260-312
   1 0.8784260-312
   5 0.8784260-312
   2 0.8937902E+02
   4 0.8784260-312
   3 0.8932348E+02
   6 0.8895336E+02
   7 0.8784260-312
   1 0.8784260-312
   2 0.8937902E+02
   5 0.8784260-312
   4 0.8784260-312
   3 0.8932348E+02
   6 0.8895336E+02
   7 0.8784260-312
   1 0.8784260-312
   2 0.8937902E+02
   5 0.8784260-312
   4 0.8784260-312
   3 0.8932348E+02
   6 0.8895336E+02
   7 0.8784260-312
   1 0.8784260-312
   2 0.8937902E+02
   5 0.8784260-312
   4 0.8784260-312
   3 0.8932348E+02
   6 0.8895336E+02
   7 0.8784260-312
   1 0.8784260-312
   2 0.8937902E+02
   5 0.8784260-312
   4 0.8784260-312
   3 0.8932348E+02
   6 0.8895336E+02
   7 0.8784260-312
   1 0.8784260-312
   2 0.8937902E+02
   5 0.8784260-312
   4 0.8784260-312
   3 0.8932348E+02
   6 0.8895336E+02
   7 0.8784260-312
   1 0.8784260-312
   2 0.8937902E+02
   5 0.8784260-312
   4 0.8784260-312
   6 0.8895336E+02
   3 0.8932348E+02
   7 0.8784260-312
   1 0.8784260-312
   2 0.8937902E+02
   5 0.8784260-312
   4 0.8784260-312
   6 0.8895336E+02
   3 0.8932348E+02
   7 0.8784260-312
   1 0.8784260-312
   2 0.8937902E+02
   5 0.8784260-312
   4 0.8784260-312
   6 0.8895336E+02
   3 0.8932348E+02
   1 0.8784260-312
   7 0.8784260-312
   2 0.8937902E+02
   5 0.8784260-312
   4 0.8784260-312
   6 0.8895336E+02
   3 0.8932348E+02
   1 0.8784260-312
   7 0.8784260-312
   2 0.8937902E+02
   5 0.8784260-312
   4 0.8784260-312
   6 0.8895336E+02
   3 0.8932348E+02
   1 0.8784260-312
   7 0.8784260-312
   2 0.8937902E+02
   5 0.8784260-312
   4 0.8784260-312
   6 0.8895336E+02
   3 0.8932348E+02
   1 0.8784260-312
   7 0.8784260-312
   2 0.8937902E+02
   5 0.8784260-312
   4 0.8784260-312
   6 0.8895336E+02
   3 0.8932348E+02
   1 0.8784260-312
   7 0.8784260-312
   2 0.8937902E+02
   5 0.8784260-312
   4 0.8784260-312
   6 0.8895336E+02
   3 0.8932348E+02
   1 0.8784260-312
   7 0.8784260-312
   2 0.8937902E+02
   5 0.8784260-312
   4 0.8784260-312
   6 0.8895336E+02
   3 0.8932348E+02
   1 0.8784260-312
   7 0.8784260-312
   2 0.8937902E+02
   5 0.8784260-312
   6 0.8895336E+02
   4 0.8784260-312
   3 0.8932348E+02
   1 0.8784260-312
   7 0.8784260-312
   2 0.8937902E+02
   5 0.8784260-312
   6 0.8895336E+02
   4 0.8784260-312
   3 0.8932348E+02
   1 0.8784260-312
   7 0.8784260-312
   2 0.8937902E+02
   5 0.8784260-312
   6 0.8895336E+02
   4 0.8784260-312
   3 0.8932348E+02
   1 0.8784260-312
   7 0.8784260-312
   2 0.8937902E+02
   5 0.8784260-312
   6 0.8895336E+02
   3 0.8932348E+02
   1 0.8784260-312
   4 0.8784260-312
   7 0.8784260-312
   2 0.8937902E+02
   5 0.8784260-312
   6 0.8895336E+02
   1 0.8784260-312
   3 0.8932348E+02
   4 0.8784260-312
   7 0.8784260-312
   2 0.8937902E+02
   5 0.8784260-312
   6 0.8895336E+02
   1 0.8784260-312
   3 0.8932348E+02
   4 0.8784260-312
   7 0.8784260-312
   2 0.8937902E+02
   5 0.8784260-312
   6 0.8895336E+02
   1 0.8784260-312
   3 0.8932348E+02
   4 0.8784260-312
   7 0.8784260-312
   2 0.8937902E+02
   5 0.8784260-312
   6 0.8895336E+02
   1 0.8784260-312
   3 0.8932348E+02
   7 0.8784260-312
   4 0.8784260-312
   2 0.8937902E+02
   5 0.8784260-312
   6 0.8895336E+02
   1 0.8784260-312
   3 0.8932348E+02
   7 0.8784260-312
   4 0.8784260-312
   2 0.8937902E+02
   5 0.8784260-312
   6 0.8895336E+02
   1 0.8784260-312
   3 0.8932348E+02
   7 0.8784260-312
   4 0.8784260-312
   2 0.8937902E+02
   5 0.8784260-312
   6 0.8895336E+02
   1 0.8784260-312
   3 0.8932348E+02
   7 0.8784260-312
   4 0.8784260-312
   2 0.8937902E+02
   5 0.8784260-312
   6 0.8895336E+02
   1 0.8784260-312
   3 0.8932348E+02
   7 0.8784260-312
   2 0.8937902E+02
   4 0.8784260-312
   5 0.8784260-312
   6 0.8895336E+02
   1 0.8784260-312
   3 0.8932348E+02
   7 0.8784260-312
   2 0.8937902E+02
   4 0.8784260-312
   6 0.8895336E+02
   5 0.8784260-312
   1 0.8784260-312
   3 0.8932348E+02
   7 0.8784260-312
   2 0.8937902E+02
   4 0.8784260-312
   6 0.8895336E+02
   1 0.8784260-312
   5 0.8784260-312
   3 0.8932348E+02
   7 0.8784260-312
   2 0.8937902E+02
   4 0.8784260-312
   6 0.8895336E+02
   1 0.8784260-312
   5 0.8784260-312
   7 0.8784260-312
   3 0.8932348E+02
   2 0.8937902E+02
   4 0.8784260-312
   6 0.8895336E+02
   1 0.8784260-312
   5 0.8784260-312
   7 0.8784260-312
   3 0.8932348E+02
   2 0.8937902E+02
   4 0.8784260-312
   6 0.8895336E+02
   1 0.8784260-312
   5 0.8784260-312
   7 0.8784260-312
   3 0.8932348E+02
   2 0.8937902E+02
   4 0.8784260-312
   6 0.8895336E+02
   1 0.8784260-312
   5 0.8784260-312
   7 0.8784260-312
   3 0.8932348E+02
   2 0.8937902E+02
   4 0.8784260-312
   6 0.8895336E+02
   1 0.8784260-312
   5 0.8784260-312
   7 0.8784260-312
   3 0.8932348E+02
   2 0.8937902E+02
   4 0.8784260-312
   6 0.8895336E+02
   1 0.8784260-312
   7 0.8784260-312
   5 0.8784260-312
   3 0.8932348E+02
   2 0.8937902E+02
   4 0.8784260-312
   6 0.8895336E+02
   1 0.8784260-312
   7 0.8784260-312
   5 0.8784260-312
   3 0.8932348E+02
   2 0.8937902E+02
   4 0.8784260-312
   6 0.8895336E+02
   1 0.8784260-312
   7 0.8784260-312
   5 0.8784260-312
   3 0.8932348E+02
   2 0.8937902E+02
   4 0.8784260-312
   6 0.8895336E+02
   1 0.8784260-312
   7 0.8784260-312
   5 0.8784260-312
   3 0.8932348E+02
   2 0.8937902E+02
   4 0.8784260-312
   6 0.8895336E+02
   1 0.8784260-312
   7 0.8784260-312
   5 0.8784260-312
   3 0.8932348E+02
   2 0.8937902E+02
   6 0.8895336E+02
   4 0.8784260-312
   1 0.8784260-312
   7 0.8784260-312
   3 0.8932348E+02
   5 0.8784260-312
   2 0.8937902E+02
   6 0.8895336E+02
   4 0.8784260-312
   1 0.8784260-312
   7 0.8784260-312
   3 0.8932348E+02
   5 0.8784260-312
   2 0.8937902E+02
   6 0.8895336E+02
   4 0.8784260-312
   1 0.8784260-312
   7 0.8784260-312
   3 0.8932348E+02
   5 0.8784260-312
   2 0.8937902E+02
   6 0.8895336E+02
   4 0.8784260-312
   1 0.8784260-312
   7 0.8784260-312
   3 0.8932348E+02
   5 0.8784260-312
   2 0.8937902E+02
   6 0.8895336E+02
   1 0.8784260-312
   4 0.8784260-312
   7 0.8784260-312
   3 0.8932348E+02
   5 0.8784260-312
   2 0.8937902E+02
   6 0.8895336E+02
   1 0.8784260-312
   4 0.8784260-312
   7 0.8784260-312
   3 0.8932348E+02
   2 0.8937902E+02
   5 0.8784260-312
   6 0.8895336E+02
   1 0.8784260-312
   4 0.8784260-312
   7 0.8784260-312
   3 0.8932348E+02
   2 0.8937902E+02
   5 0.8784260-312
   6 0.8895336E+02
   1 0.8784260-312
   4 0.8784260-312
   7 0.8784260-312
   3 0.8932348E+02
   2 0.8937902E+02
   5 0.8784260-312
   6 0.8895336E+02
   1 0.8784260-312
   7 0.8784260-312
   4 0.8784260-312
   3 0.8932348E+02
   2 0.8937902E+02
   5 0.8784260-312
   6 0.8895336E+02
   1 0.8784260-312
   7 0.8784260-312
   4 0.8784260-312
   3 0.8932348E+02
   2 0.8937902E+02
   5 0.8784260-312
   6 0.8895336E+02
   1 0.8784260-312
   7 0.8784260-312
   4 0.8784260-312
   3 0.8932348E+02
   2 0.8937902E+02
   5 0.8784260-312
   6 0.8895336E+02
   1 0.8784260-312
   7 0.8784260-312
   4 0.8784260-312
   3 0.8932348E+02
   2 0.8937902E+02
   5 0.8784260-312
   6 0.8895336E+02
   1 0.8784260-312
   7 0.8784260-312
   4 0.8784260-312
   3 0.8932348E+02
   2 0.8937902E+02
   5 0.8784260-312
   6 0.8895336E+02
   1 0.8784260-312
   7 0.8784260-312
   4 0.8784260-312
   3 0.8932348E+02
   2 0.8937902E+02
   5 0.8784260-312
   6 0.8895336E+02
   1 0.8784260-312
   7 0.8784260-312
   4 0.8784260-312
   3 0.8932348E+02
   2 0.8937902E+02
   5 0.8784260-312
   6 0.8895336E+02
   1 0.8784260-312
   7 0.8784260-312
   4 0.8784260-312
   3 0.8932348E+02
   2 0.8937902E+02
   5 0.8784260-312
   1 0.8784260-312
   6 0.8895336E+02
   7 0.8784260-312
   4 0.8784260-312
   3 0.8932348E+02
   2 0.8937902E+02
   5 0.8784260-312
   1 0.8784260-312
   6 0.8895336E+02
   7 0.8784260-312
   4 0.8784260-312
   3 0.8932348E+02
   2 0.8937902E+02
   5 0.8784260-312
   1 0.8784260-312
   6 0.8895336E+02
   7 0.8784260-312
   4 0.8784260-312
   3 0.8932348E+02
   2 0.8937902E+02
   5 0.8784260-312
   1 0.8784260-312
   6 0.8895336E+02
   7 0.8784260-312
   4 0.8784260-312
   3 0.8932348E+02
   2 0.8937902E+02
   5 0.8784260-312
   1 0.8784260-312
   6 0.8895336E+02
   7 0.8784260-312
   4 0.8784260-312
   3 0.8932348E+02
   2 0.8937902E+02
   5 0.8784260-312
   1 0.8784260-312
   6 0.8895336E+02
   7 0.8784260-312
   4 0.8784260-312
   3 0.8932348E+02
   2 0.8937902E+02
   5 0.8784260-312
   1 0.8784260-312
   6 0.8895336E+02
   7 0.8784260-312
   3 0.8932348E+02
   2 0.8937902E+02
   4 0.8784260-312
   5 0.8784260-312
   1 0.8784260-312
   6 0.8895336E+02
   7 0.8784260-312
   2 0.8937902E+02
   3 0.8932348E+02
   4 0.8784260-312
   5 0.8784260-312
   1 0.8784260-312
   6 0.8895336E+02
   7 0.8784260-312
   2 0.8937902E+02
   3 0.8932348E+02
   4 0.8784260-312
   5 0.8784260-312
   1 0.8784260-312
   6 0.8895336E+02
   7 0.8784260-312
   2 0.8937902E+02
   3 0.8932348E+02
   4 0.8784260-312
   1 0.8784260-312
   5 0.8784260-312
   6 0.8895336E+02
   7 0.8784260-312
   2 0.8937902E+02
   3 0.8932348E+02
   4 0.8784260-312
   1 0.8784260-312
